0 299 419 441 428 520 456 482 382
1 47 55 133 11 284 290 300 210 385 103 448 312 157 227 413 282 424 422 180 358 417 475 487 232 316 241 154 318 166 39 496 317 73 218
2 224 185 346 521 222 399 220 434 423 48 184 500
3 77 206 201 316 292 67 168 159
4 202 203 77 44 122 28 159 61
5 347 88 411 238 244 83 407 62 385 416 229 309 530 226 485 50 321 469 246 333
6 43 190 17 325 359 376 272 53 298 155 250 140 244 234 89 104 242 248 385 178 397 210 240 28 390 472 68 58 438
7 191 459 283 11 389 494 487 468 180 271 364 470
8 357 71 108 361 131 261 208 124 31 17 28 189 426 119 327 412 199 269 43
9 0 389 356 173 50 505 404 447 315 503 162 141 209 449 443 321 180 350 348 255
10 333 15 443 378 222 268 275 126 194 147 502
11 247 143 351 346 175 155 38 194 190 316 15 519
12 195 297 295 461 203 488 193 1 60
13 20 364 40 262 316 470 81 468 317 145 309 410 363 459 318 358 128 73 531 188 283 238 428 519 136 42 274
14 212 451 243 317 315 528 422 238 456 218
15 250 43 28 340 270 144 99 335 272 507 248 190 155
16 157 223 362 491 196 516 453 298 396 43 89 507 26 499 253
17 23 201 170 472 466 302 268 424 176 427 89 178 72 24 116 58 174 257 336 519 28 267 125 351 385 51 134
18 124 383 158 44 102 217 298 45 52
19 89 325 257 397 134 188 155 106
20 132 406 288 200 106 328 254 305 203 376 89 400 514 523 466 253 499 75 105 179 258 261 190 476 375 4 99 216 157 184 67 301 63 248 131 51 414 61 85 489
21 247 148 18 134 219 196 101 76 143 372 305 189 0 519 241 221 288 394 501 28 427 162 194 159
22 140 288 318 114 351 210 159 201 17
23 183 406 321 19 445 266 185 419 238 216
24 451 106 201 108 17 421 385 248 305 0 101 23
25 122 376 140 131 120 170 58 127 98 260 167 508 377 397 458 426
26 197 334 370 251 161 257 415 159 312 150 278 131
27 9 43 63 473 414 10 513 499 497 285 383
28 380 150 332 116 350 453 159 391
29 8 62 382 465 405 459 455 352
30 24 45 13 240 296 368 28 390 206 267 6 197
31 98 200 53 12 370 64 248 214
32 202 87 370 89 287 76 44 179 267 155 289 43 45
33 31 24 196 360 122 396 104 153 480 0 288 305 336
34 31 99 115 119 114 303 131 44 93 181 171 347 217 113 29 430 444 179 121 156 340 476 406 438 497 45 39 169 161 450 330 85 237 207 16 43 184 250 130 434 124 517 162 515
35 44 161 145 134 17 430 453 122 370
36 114 61 354 493 496 165 239 424
37 225 63 159 370 13 199 61 197 37 351 302 127
38 153 171 108 71 12 99 305 298 287 277 44 240 124 137 58 385
39 213 305 0 282 425 328 255 211 442 202 67 436 272 125 390 200 112 312 249 498 261 371 336 130 102 122 206 120 80 511 370
40 249 194 257 80 206 343 135 271 189 424 93 150 519 439 498 522 341
41 73 186 159 218 192 237 238 88 398 477 11 56 407 242 382 97
42 64 19 332 335 439 418 453 158 100 122 433 145 167 277 333 423 25 404 170 126 455 368 373 431 479 365 9
43 89 283 255 314 24 272 289 405 217 402 130 108
44 331 412 181 44 489 3 314 45 68 39 385 285
45 259 205 470 95 154 32 419 398
46 165 175 6 506 208 14 89 221 98 255 144 159 522 410
47 174 156 106 272 89 313 305 76 242 264 58 202
48 64 396 251 9 499 323 256 492 403 393 131 43 340 325 276 436 89 167 242 200 426 405 71 285 156 267 308 53
49 143 147 155 75 74 519 80 213 250 463 109 145 526 214 68 257 387 150 376 46 15 194 307
50 114 265 291 360 46 254 242 319 370 211 28 506 244 516 159
51 32 242 11 51 468 269 48 139 374
52 237 285 131 44 104 499 314 9 3 23 272 61 476 106
53 169 242 106 322 400 57 497 179 281 269 396 207 301 338 130 283
54 232 230 475 488 299 485 344 88 470 309 48 284 349 364 73 465 381 94 382 398 358 2 84 32 461 149 204 413 510 464
55 67 53 303 319 148 137 122 207
56 71 432 288 277 206 134 4 54 385
57 25 222 177 228 503 286 473 304
58 281 45 288 61 39 67 267 261 241 377 114 206
59 387 198 134 47 147 443 179 98
60 46 127 272 76 219 500 122 292 67 101 82
61 22 192 470 451 419 136 284 392 55 90 336 236 413 73 326 464
62 145 286 345 371 153 408 47 117 452 125 385 424 369 406 89 491 101 515 43 241 436
63 120 114 244 101 501 396 87 196 466
64 334 104 67 288 272 313 127 132
65 235 177 44 274 368 448 288 109 228 327 31 442 343 278 406 61 324 370 328 527 305 264 271 405 431 427 408 16 272 464
66 245 268 83 481 512 304 463 507 460 503 49 345 292 183 36
67 58 99 202 272 287 288 314 92 34 345 404 196 368 69 226 311 80 241 343 89
68 44 340 108 0 283 26 39 298 403 366 201 454 113 462 286 17 23 131 200 7 67
69 352 124 349 229 95 195 40 485
70 56 90 251 149 150 100 3 467 480 433 300 230 511 256 316 418 176 97 435 388 458 266 0 407 312 183 130 292 446 82 159 423 218 79 471 214 529 279 334 280 362 247 380 491
71 272 67 288 122 190 76 89 328
72 196 377 43 187 211 283 490 39
73 261 0 71 155 314 67 412 288 265 17 312 328 39 272 340 305
74 33 295 62 236 353 469 229 266 467 362 171 66 276 169 100 151 367 274 170 339 524 373 392 53 86 215 365 393 349 75 41 246
75 386 76 39 285 318 89 514 370 50
76 145 289 108 161 70 85 504 453 113 219 217 285 327 200 430 158 347 515
77 114 156 164 61 288 63 251 377 261 301 131 338 124 17 499
78 25 141 177 280 195 378 398 401 297 321 447 116 185 363 456 186 220 126 349 94 496 41 73 19 40 1 6 420 509 20 42 467 448 81 83 317 485 348 521 339 356 381 411 419 218 35 367 300 332 128 62 209 531 299 2 428 446 503 137 60 5 243 532 520 192 32 92 353 18 152 22 49 469 465 284 79 382 399 47 236 475 329 262 304 103 459 96 222 239 460 533 488 484 180 344 478 407 78 229 95 413 510 350 191 341 74 358 142
79 9 178 273 242 366 215 244 208 161 410 131 64 89 167 23 437 286 38
80 416 241 408 120 508 214 159 61 505 511 9
81 168 442 217 332 391 159 116 150 177 504 265
82 196 140 201 357 322 61 70 458
83 39 314 61 43 104 460 494 47 127 101 237 256
84 194 66 57 92 328 264 58 408 221 242 431 312 145 76 189 505 203 288 59 385 125 296 54 106
85 6 10 52 184 231 188 202 285 466 320 57 39 288 187 502 405 217 365 347 189 383 61 181 115 450 260 385 70 257 71 127 360 314 500 171 175 207 101 267 34 325 323 377 182 256 424 474 131 241
86 185 374 477 73 209 445 498 238 62 482 20
87 241 517 69 351 50 109 312 287
88 284 42 461 32 149 218 173 447
89 410 61 383 122 335 451 261 340 435 396 129 314
90 253 411 200 524 163 495 490 434 432 149 325
91 113 393 274 286 476 437 100 71 336 237 23 426 450 383 396 131 10 231
92 49 22 1 398 284 154 11 95 388 315 146 317 337 205 136 220 88 172
93 92 403 89 313 131 490 421 14 340
94 59 226 283 271 297 371 292 442 43 331 424 190 498 201 436 426 67 223 155 134 104 145 64 23 27 248 61 13 264 372 513 385 101 213 9 384 39 387 522 46 397 319 279 501 302 214 98 307 346 256
95 74 263 163 134 230 272 239 414 513 159 389 455 144 532 363
96 272 24 471 197 509 214 46 12 370 508 351
97 171 279 310 315 341 227 111 267 241 145 124 85 91
98 153 31 366 390 408 131 61 360 77 127 370 24
99 272 314 9 365 347 208 458 104 91 148 476
100 141 173 354 332 446 531 459 478 78
101 252 61 0 75 89 70 255 513
102 347 440 263 240 131 61 451 359 242
103 170 278 71 53 298 276 187 127
104 230 205 470 413 241 79 528 2
105 147 283 397 79 302 103 337 480 178 270 370 123 353
106 5 116 25 300 322 299 152 242 350 504 224 333 218 433 522 415 96 496 141 332 65 411 381 279 324 8 532 247 353
107 101 278 368 206 17 385 89 287
108 28 187 131 248 201 44 326 175 334 71
109 181 121 38 211 99 29 361 249 217 285 430 70 130 163 432 253 320 274 497 158 327 492 105 9
110 24 214 137 287 261 283 53 157
111 485 293 503 227 464 29 468 321 83 441 336
112 113 210 394 285 208 134 439 222 392 255 446
113 65 84 166 207 219 262 286 317 352 382 182 31 419 355 136 437 9 181 384 465 173 96 130 449 369 163 253 422 8 48 312 124 184 159 362 154 189 49 266 165 521 199 209 467 398 453 432 198 448 354 129 86 441 515 208 368 411 232 510 39 489 238 271 528 62 533 230 22 337 418 294 245 89 191 236 19 474 161 10 160 78 256 241 107 475 170 379 487 215 495 128 45 213 293 274 455 185 468 212 20 152 1 276 405 254 95 381 469 186 13 525 478 434 470 105 520 457 73 367 436 517 309 392 451 344 343
114 0 257 279 401 247 425 282 433 342 34 117 134 424 502 415
115 129 273 187 175 39 52 269 200 267 450 368 385 76 298 249 145 301 263
116 420 180 22 118 510 266 241 143 189 419 20 284 184 195 30 136 238
117 234 333 520 315 445 422 409 8 352 40 118
118 38 37 316 265 393 4 145 493 75 336
119 492 385 253 267 67 282 322 70
120 410 471 274 125 444 253 327 4 338 516
121 307 122 311 107 519 505 59 247
122 63 360 163 44 50 89 314 151 175 287 47 402 277 114 288
123 61 346 400 386 514 390 122 253
124 86 330 217 10 432 405 285 335 219 52 254 61 196 108 301 3 267 104 164
125 334 45 158 21 105 99 127 3 82
126 179 209 74 322 243 475 358 510 173 367 233 15 224 485 239 129 526 533 51 204 364 87 142 484 468 453 230 32 205 482 458 295 219 294 520 448 270 238 369 392 218 62 382 48 464 42 195 133
127 155 495 369 253 43 223 144 156 301
128 2 41 5 49 81 88 142 224 229 238 227 172 407 57 337 382 83 381 155 140 341 7 207 482 465 230 321 315 507 329 441 186 515 459 32 243 84 530 338 349 20 533 55 8 195 192 428 78 470 22 481 398 262 408 364 146 300 367 477 503 48 259 129 269 310 354 204 485 232 344 89 293 406 11 215 246 363 236 456 216 205 347 170 295 478 290 36 97 419 73 40 96
129 52 411 183 31 115 254 345 508 46 145 102 376 410
130 172 286 187 225 273 351 190 108 379 366 153 240 244 513 61 214 44 75 365 89 167 426 278 436
131 173 22 205 2 315 483 295 398 284 136 157 422 192 5 230 475 317 520 321 236 478 94 428 209 488 484 299 83 521 218
132 78 128 139 129 31 240 42 225 213 207 488 127 317 123 364 220 378 324 79 358 284 149 360 95 29 511 496 65 218 468 399 41 409 446 186 192 201 206 23 40 507 136 318 257 233 297 261 456 293 48 481 217 315 309 73 478 401 2 428 90 344 55 227 255 181 154 334 528 138 22 228 470 133 504 368 3 17 30 62
133 377 105 306 9 111 121 115 444 99 231 490 379
134 72 92 98 288 110 312 268 188 351 257 69 159 425 278 370
135 307 324 342 463 54 235 343 119
136 93 267 276 340 121 432 273 258 109 17 491 9 196 160 306 386 158 23 132 161 410 290 130 516 172 330 26 301 163 170 164 405 114 418 124 346 314 492 396 499 265 208 455 171 106 263 497 108
137 46 137 12 370 54 513 75 430
138 70 272 214 325 427 285 89 43
139 158 348 450 172 69 65 433 394 329 503 490 67
140 46 394 272 99 105 21 305 523
141 202 214 521 125 292 513 421 122 196 155 451 526
142 3 248 294 463 311 252 279 368 226 348 282 247 122 190 313 89 77 64 123 326 87 480
143 6 166 451 435 350 63 267 132 39 306 138 104
144 345 422 48 239 293 115 133 533 485 166 241 475
145 396 31 89 371 125 46 28 375
146 208 418 145 53 272 302 298 265 23 61 301 476
147 327 189 140 159 355 516 386 193
148 313 269 91 221 203 14 490 66 193 370 355 340
149 14 287 285 0 105 82 201 206 334
150 252 191 486 431 163 446 526 494
151 400 145 187 40 241 106 511 319 46 127
152 27 82 254 421 76 424 480 301 206 201 69 506 275 132 47 257 197 159 292 196 102 391 80 371 106 46 123 415 291 241 127 189 326 416
153 122 182 393 455 395 379 267 108 200
154 76 7 114 313 104 328 288 89 0 17 379 305 454 122 202 272
155 152 190 146 361 95 520 425 374
156 101 272 0 288 221 98 153 471
157 467 17 459 381 419 435 145 229 146 510 238 295 81 515 259
158 198 159 83 144 233 218 488 243 150 231 227 417 109 446 133 493 413 136 349 443 22 530 232 73
159 167 244 145 370 328 421 248 75 308 50 89
160 288 387 175 285 123 70 28 385
161 79 344 413 103 281 372 464 429 280 398 387 84 417 481 470
162 182 39 261 0 240 288 196 113 23 131 405
163 134 334 206 61 298 3 17 240 89 66 39 159 466
164 273 405 361 171 365 43 451 175
165 121 374 50 172 175 59 69 311 224 89 226 453 141 99 462 498 332 328 191 385 430 214 253 515 411 105 145
166 110 116 411 463 502 152 147 519
167 189 28 370 37 89 337 468 343 353
168 294 255 190 385 292 37 440 125
169 73 56 28 78 119 530 173 55 254
170 50 428 317 485 281 422 234 475 337 449 532 180
171 159 129 492 153 242 240 416 122 178 6 454 214
172 69 415 206 242 370 250 188 272 267 34 421 288 137 312 190 240 203 347
173 50 210 46 132 331 196 376 328
174 89 0 480 416 334 125 252 214
175 270 383 61 244 106 131 376 89 285 120 242
176 249 394 224 60 304 116 456 263 90 324 25
177 43 285 248 319 39 152 410 346 278 50 385 92 436 67 63 237 496 451 44 372 89 518 122 314
178 186 78 431 146 363 472 94 475 465
179 221 127 372 90 270 409 159 134 297 519 414 189 0 292 424 138 247 460 46 360
180 16 290 17 457 308 273 226 507 204 74 43 310 320
181 134 307 372 312 427 46 255 360 102 80
182 0 402 196 272 248 326 127 17 101 153 264
183 302 112 5 97 32 178 338 218 398 143 138 417 299
184 321 356 267 488 339 61 410 124 274 9 31 435 39 177 55 204 439 374 314
185 30 48 20 146 313 339 128 349 469 348 212 340 186 97 88 40 218 367 185 389 41 295 280 35 32 374 149 83 227 459 229 467 238 195 213 503 84 529 388 468 382 173 289 420 56 262 488 352 321 309 300 530 364 118 341 419 369 5 266 381 485 204 465 259 22 324 81 363 9
186 433 304 181 298 3 421 337 223 9 166 457 207 521
187 118 19 309 132 262 230 391 88 364 352 484 239 173 382 73 420
188 98 370 267 288 200 462 278 148 39 89 253 43 430 393 202 14 17 287 438 61 53 241 106 64
189 34 101 24 63 61 272 201 127 283
190 76 122 328 190 305 137 288 67 6 272 89 0
191 43 165 251 340 53 132 104 167 17 385 334 278 245 158 451 365 45 71 61 0 376 181 77 377 261 303 231 196 217
192 119 217 71 444 170 286 457 285 86 108 301 38 334 400 314 283 187 267 172 258 162 9 412 435 200 52 199 377
193 19 140 186 30 227 320 308 190 100 102 365 379 304 14 403 239 345 142 187 202 51 175 121 382 169 490 381 273 1 322 389 111 406 323 96 285 491 411 31 5 420 483 48 77 333 83 236 396 4 191 134 487 49 289 235 243 104 519 185 52 143 503 276 254 464 344 524 257 225 334 309 194 364 415 469 160 419 274 314 432 525 61 163 40 39 195 124 445 32 3 179 529 315 22 152 388 90 497 387 412 25 206 118 292 196 97 531 86 286 113 263 171 361 184 509
194 46 190 54 101 479 440 351 174 153 214 250 161 500 159 518 89 421 334 127 59 140
195 37 66 28 315 242 333 440 512 410 505 26 125
196 199 83 322 518 401 463 487 447 262
197 122 196 98 370 80 6 250 206 357 124 331 202 211 431 176 285 125 123 221 102 189 247 34 101
198 7 142 438 293 83 469 468 262 11 298 19 356 179 96 10 503 329
199 89 44 365 161 492 326 272 71 0 61 87
200 285 298 414 196 70 193 104 28 305 203 370
201 155 369 196 399 86 244 270 132 82 396 391 134 152 292 269 297 0 189 166 37
202 71 215 302 476 68 67 158 89 113 23 137 196 53 17 278 190 379 248 272 104
203 36 266 236 378 348 416 110 134 61 499
204 452 17 175 104 383 39 51 197
205 375 17 214 53 85 89 370 203 197 69
206 298 58 99 0 51 430 76 104 390 328 89 196 288
207 16 250 145 361 347 106 14 476 17 122 99 44 242 172 124 46 129 67 196 305 365 105 89 39
208 46 384 92 351 421 59 125 287
209 17 493 7 104 231 369 334 172 50 132 375 85
210 60 521 332 77 189 456 279 141 496
211 105 365 71 75 323 500 114 196 375 39 99 43
212 138 126 60 399 384 483 334 90
213 281 314 438 343 72 101 336 391 189
214 305 196 458 199 104 351 208 75 148 12 347 131
215 381 238 48 40 232 73 259 309 239 227
216 198 350 122 213 246 62 332 494 134 141 147 368 151 532 67 394
217 66 355 441 296 532 198 278 102
218 261 63 44 132 499 265 131 158 323 200 466 61
219 120 200 58 285 197 174 240 156 476 115 16 527 486 196 44 261 244 242 289
220 18 240 276 288 362 74 23 166 285 275 497 211 449 133 76 475 192 443 13 165 202 243 131 51 93 385 448 516 444 150 188 135 28 124 160 474
221 152 518 391 496 126 278 65 79
222 301 408 279 116 394 425 268 424
223 70 430 241 170 473 104 287 206 365 189 524 282 144 34 47 9 158 105
224 351 366 346 131 24 202 211 386 319 23
225 239 318 345 198 280 439 446 230 417 241 212 184 123 226 531 311 419 420 42 88 517 32 214 79 488 296 448 507 529 398 2 354 188 220 429
226 440 70 170 466 240 242 473 265
227 75 102 247 127 206 278 196 50
228 306 353 399 166 45 432 199 13 283 395 484 187 295 463 371 162
229 119 43 164 397 261 362 288 451 499 131 148 452
230 148 272 7 76 260 131 43 67
231 134 272 506 202 99 287 24 480
232 274 285 38 248 203 336 314 514
233 159 346 416 386 61 261 26 267
234 163 196 240 160 106 328 301 85 242 261
235 222 273 55 358 423 448 239 238 356 389 322 22
236 23 29 155 216 285 305 89 371 109 219 513 272 59 171 160 0 14 82 491 46 70 161 405 434 408 517 385 466 206 489
237 366 260 17 200 210 57 159 274 286 416 140 131
238 13 323 131 327 174 104 201 102
239 149 204 238 48 11 339 128 529 73 378 146 30 352 533 309 528 227 459 488 280 485 139 468
240 58 394 342 234 189 72 117 392
241 160 268 189 257 337 501 101 279 109 190 203 104 53 214 226 253 194 80 196 184 150 261 248 264 392 241 159
242 69 111 102 257 189 327 37 312 249 194 425
243 234 349 389 185 229 8 367 139 468 382 88 238
244 33 85 114 113 347 99 437 131 63 43 23 70 260 451 466 196 330 444 263 129 359 7 61 75 210
245 122 75 53 288 217 7 167 129 260 357 395 276 148 434 207 458 61 375 87 210 397 43 0 52 347 89 3 334 340 359 286 472 303 390 114 444 38 33 438 196 77 298 234 104 170 305 466 330 451 58 23 203 67 120 248 17 476 412 252
246 454 334 197 359 248 0 61 440 244
247 37 24 392 360 387 502 51 44 406 7 65 130 151 314 16 99 517 253 190 226
248 174 24 170 197 70 208 153 390 501 68 473 167 120 436 410 500 476 160 203 518 31 187 113 43 196
249 271 53 282 257 123 86 99 269 105 341 85 14 102
250 83 139 190 15 232 294 186 459 75 145
251 104 127 28 46 416 247 346 319 82 255 370 500 174 159 193
252 206 159 6 242 89 127 368 171 102
253 61 170 285 223 476 495 245 9 361 202 119 267 287 527 130 131 196 89 269
254 89 345 76 189 47 312 502 24
255 63 247 67 178 519 188 314 474
256 221 368 159 176 125 6 355 189
257 272 196 347 162 161 305 278 288 67
258 73 192 88 380 461 407 254 344 520 349 417 198
259 132 89 68 194 44 168 167 46 278
260 123 300 417 117 261 387 463 112
261 124 169 272 375 61 201 278 106 208 214 148 512
262 236 215 56 339 40 259 331 195 238 420
263 100 286 6 491 153 53 196 52 267 38 454 395 217 435
264 350 67 126 124 433 392 460 331 411 522 298 383 353 272 110 17
265 88 318 354 420 419 178 456 142 95 417 32 532 23 36 198 11 481 136 218 35 134 2 241 429 284 496 40 516 300 474 510 61 212 18 159 103 79 413
266 131 377 385 71 347 129 76 261 4 497 361 211 164 171 237 196 162 43 174 39
267 159 279 429 141 196 79 126 500 401 222 272 332 397 435 304 423
268 17 215 314 393 39 121 105 523 89 21
269 127 131 7 43 240 61 511 261 499 89 272 414 379 0 17 288
270 478 246 30 295 149 483 474 145 363
271 97 41 173 344 441 78 358 477 356 48
272 175 188 368 108 346 61 261 164
273 316 155 189 416 514 501 380 125
274 35 72 297 242 65 139 394 141 519 433 247 60
275 32 382 0 485 528 103 337 413
276 285 38 107 34 474 122 189 131 166 115 257 69 424 89
277 293 128 88 530 192 55 171 492 227 486 95 133 488 146 363
278 23 193 69 277 304 226 77 67 423 113 257 197 34 311 221 519 101 442 247 110 431 370 463 409 168 14 27 272 312 474 138 307 267 203 19 333 80 410 425 337 500 70 141 433 498 282 332 222 235 255 297 140 123 502 415 166 57 341 65 106 126 117 379 87 424 213 331 360 378 394 324 368 194 174 31 264
279 124 223 46 50 351 264 287 9 250 453 217
280 58 89 197 454 390 43 288 23
281 260 43 406 314 98 39 451 286 155 129 131 104 174 336 85 99 17 298 200 89 75 28 347 240 61 196 359 33 434 101 44 14 122 53 466 203 23 114 148
282 159 234 155 244 189 380 385 28
283 203 31 314 124 79 344 245 456 338 330 236 188 220 102 415 163 497 113
284 51 3 199 196 308 277 518 75 43 13 214 28 102
285 395 89 100 131 513 44 51 240 175 124 129 197 285 265 410 263
286 178 359 366 302 225 472 127 148
287 15 210 233 73 31 384 219 399 142 510 369 193 306 361 185 212 310 150 159 26 352 385 251 244
288 210 46 347 257 194 287 17 342
289 45 272 58 263 0 323 67 248 122 7 120 402
290 261 314 253 67 282 287 494 39
291 257 126 409 287 31 124 522 6 331
292 130 131 114 254 267 504 109 276 108 76
293 133 312 380 11 417 316 461 290 48 317 470 485 8 192 422 362 363 315 96 1 322 349 482 146 78 204 112 159 55 299 530 435 274 22 56 109 382 180 374 269 236 203 428 95 97 233
294 101 297 455 213 257 23 170 158 122 303 145 286 52 217 242 46
295 288 89 6 76 370 153 122 92 58 17 114 23
296 136 380 205 218 237 429 388 164 495 165 159 125 317 315 520 233 95 530
297 71 124 274 435 303 493 175 17 91 122 432 181
298 354 154 32 309 417 73 470 487
299 70 46 249 237 512 328 298 272 361 513 248 305 37
300 118 449 240 478 22 316 472 336 51
301 426 458 452 385 298 396 397 260 500 148 499 410 272
302 275 102 324 343 342 314 52 23 134 217 401 312 463 330 394 206 12 307 257 119 241 189 213 279 219 226 65 311 424 168 80 328 175 515 91 34
303 218 293 217 410 96 12 462 49 25 365 407 168 503 62 442 83 284 378 1 514 282 441 350 146 415 487 509 368 0 358 102 466 373 324 476 63 90 419 222 192 61 239 41 152 478 446 332 117 60 299 19 177 382 452 265 401 128 468 59 402 347 439 220 67 531 11
304 0 305 53 58 272 17 76 120 89 190 328 314
305 6 311 275 69 291 527 74 453 457 187
306 23 474 189 157 125 39 241 345 43 166 28
307 265 365 512 359 336 80 153 134 214 314 514 274 264 75 245 91 287
308 206 199 334 518 458 6 283 91
309 61 290 43 86 466 462 514 362 217 302 412 237 242 216 52 199 261 451 380 132
310 424 67 241 140 402 104 509 61 360 272 206 168
311 125 283 37 214 288 466 92 326
312 13 203 24 296 257 493 199 17
313 301 39 84 447 215 89 391 336 48 389 9 129 350 145 488 55 295
314 162 507 164 505 324 521 440 519 15 443 18
315 131 0 316 47 196 330 241 277 305 188 122 23 480 225 176
316 96 199 267 289 180 43 389 216 189 258 135 442 489 306 39 527 511 435 100 332 358 490 83 488 529 152 45 433 163 432 86 303 362 72 391 345 395 524 70 29 228 217 9 396 418 446 279 412 116
317 257 341 442 247 288 69 463 345
318 21 129 153 176 183 168 213 170 45 144 120 342 268 70 394 425 436 54 31 426 424 255 46 98 100 427 201 200 372 291 508 38 150 285 454 341 432 104 189 282 111 160 365 248 174 132 472 452 328 34 86 335 14 235 319 43 125 403 7 66 61 500 9 240 219 39 442 162 479 340 114 376 401 4 361 324 527 314 451 370 164 143 312 405 449 124 77 0 16 360 277 518 336 409 318 63 331 498 241 512 59 115 368 418 400 264 67 206 323 261 203 225
319 46 50 257 153 102 241 69 514
320 305 197 124 188 106 288 89 242
321 28 145 242 59 385 241 282 240 320 368 471 31 342 501 322 194
322 4 11 311 435 455 107 109 49
323 49 389 417 41 302 220 309 459 84 488 339 485 388 468 48
324 350 477 402 41 97 315 445 133 202 177 322 257
325 46 37 159 59 351 421 153 471 371 125
326 112 312 302 72 18 119 296 125 51 147
327 83 389 78 485 236 468 62 128
328 72 117 206 173 154 11 349 260 5 426 445 481 487 394 485 262 329 464 353 160 528 220 510 371 118 310 209 483 239 225 246 73 352 408 505 465 484 146 77 15 42 532 530 87 94 488 336 502 243 533 388 195
329 452 101 171 98 23 256 27 61 499 240 261
330 396 70 289 340 161 455 216 265 314 43
331 155 161 89 113 85 53 17 252 43 272 200 298 285
332 207 306 345 114 61 187 39 426 196 160 248 43 388 191 401 159 3 121 451 429 104 251 297 292
333 180 449 75 398 346 315 155 497 485 360 319 294 496 37 116 189
334 56 88 96 11 95 212 354 262 353 295 20 317 428 227 461 218
335 227 79 238 262 159 161 169 456
336 125 196 14 370 197 214 517 153 368 316 159 371
337 140 104 148 197 202 440 51 320
338 248 244 375 333 44 150 278 449 442 438 87 242 343
339 43 298 39 89 102 196 131 248 397 119 6
340 177 427 496 123 446 482 29 526 273 490 24 370 521 184 126 318
341 365 152 104 150 312 10 447 499
342 101 53 67 104 86 458 17 314 194 208 408 438 289 107 170 370 244
343 189 134 278 326 424 201 439 111 431 159 59 466 368 188 127 433 102 498
344 42 54 138 0 168 154 275 3 80 308 169 337 163 278 235 373 162 92 201 431 131 35 50 188 247 134 141 423 191 293 91 287 87 375 123 486 343 242 102 471 509 396 511 236 250 488 75 47 101 12 314 193 117 415 519 372 89 451 359 291 285 86 147 34 203 217 474 161 501 436 424 175 104 65 394 356 453 324 62 348 251 387 300 68 145 14 6 140 401 522 389 421 46 513 38 288 59 53 208 210 67 368 508 82 261 44 127 319 305 206 385 255 512 466 280 272 270 353 214 155 503 416 454 159 391 478 481 61 446 124 202 21 16 27 66 523 455 167 213 153 174 125 439 122 494 408 482 178
345 143 318 178 386 526 472 417 495 446 160 36 123 199 103 213 32 280 451 269 180 146
346 358 311 107 488 84 469 96 236 525
347 85 260 99 77 234 17 31 14 285 86 113 75 89
348 61 109 17 80 189 288 92 85 240 12 396 47 254 188 385 69 181 241 108 242 123 408 107 361 115 29 453 89 524 287 425 506 125 43 301 319 145 214 430 273 351 15 360 466
349 170 338 303 39 175 386 362 273 207 100 33 323 491 158 340 516 217 71 104 412 45 157 274
350 109 246 472 119 117 71 433 222 394
351 95 227 19 191 399 192 218 505 353 417 112 404 294 496 177 60 374 300 456 2 366 348 299 18 240 483 176 398 238 230
352 40 211 367 183 160 58 242 220 73 93 389 293 312 169 204 324
353 145 401 74 394 226 241 275 235 343 112
354 77 384 153 292 46 385 416 331
355 287 44 166 322 147 223 205 116 206
356 180 186 232 311 285 30 413 433 41 239 200 17 356 11 447 296 510 110 465 344 441 309 191 459 5 135 84 291 533 259 387 204 220 48 381 149 94 481 83 529 183 503 527 374 294 315 227 213 358 146 468 487
357 15 68 14 188 247 54 6 373 392 404 226 268 138 74 135 394 80 431 255 166 442 127 329 206 194 101 494 92 409 453 257 501 34 342 337 502 59 19 69 282 509 189 102 235 498 241 415 423
358 287 471 245 359 263 188 326 92
359 179 245 340 406 274 527 175 403 39 361 276 23 432 400 330 71 286 516 61 252
360 450 28 473 46 334 298 375 181 383
361 296 391 127 297 189 334 3 380
362 351 27 189 46 449 298 159 31 242 105 384 175 6
363 77 248 67 501 208 129 314 368 174 43
364 122 104 89 305 272 106 127 288 67 156
365 12 86 161 101 455 291 58 208 122 480 0
366 3 208 334 181 99 162 491 51 75 405 27 106 267 289 7 29 216 161 479 215 248 21 38 396 63 140 86 89 523 23 426 183 122 473 406 393 170 385 314
367 23 51 214 33 397 270 104 268 112 442 193 275 6 472 255 172 24 345 343 226 305 370 316 474 296 360 147 190 0 135 159 516
368 46 241 34 166 442 6 337 206 474 188 226 506
369 144 167 150 257 270 17 312 390 240 140 28 98 69 202 43 244 203 328 67 342 286 234 318 311 376 190 334 0 106 208 433 89 421 206 68 439 213 110 370 278
370 143 131 275 396 124 145 455 107 435 501 410 432 23 523 61 242 231 370 89 285 438 189 385 278 515 75 57 67 129 115 105 99 24
371 114 314 370 288 131 242 82 39 303 148 430 244 99
372 508 264 444 89 31 101 127 370 285 137 140 132
373 378 433 417 67 337 456 380 532
374 106 314 217 278 202 506 211 189 190 93 153 21
375 347 242 43 237 499 285 108 314
376 34 432 6 159 433 368 46 102 233 111
377 345 342 394 307 463 268 257 226
378 14 278 82 114 37 268 131 319 0 28 255 289 235 242 76 400 499 275 272 427 137
379 181 189 264 286 39 267 122 334 314 415 52 124 328 303 71 53 175 492 206 164 24 59 108 120 44 298 451 458 67 288 0 272 51 435 106 208 231 217 34 466 168 102 410 431 76 282 127 273 100 383 368 104 497 323 395 473 140 274 174 101 197 509
380 65 304 60 246 504 529 348 329 220
381 14 415 473 288 130 59 285 287 223 153 492 340 122 231 513 278
382 40 161 80 269 97 59 332 340 99 283 175 274 209 245 196 55 463 160 141 489 145 389 457 281 105 86 335 158 344 424 314 163 60 48 432 488 279 89 17 219 227 84 301 101 151 200 385 391 511 52 523 127
383 338 314 301 223 272 17 351 124 189 159 104 202 153 410
384 430 303 340 523 155 217 455 9 89
385 327 520 479 290 333 515 403 524
386 102 255 275 347 325 50 287 44 351 202 435 360 18 46 371 408 328 37 278 87 66
387 53 17 58 272 0 217 167 43 89 114 412 486 365 466 379 357 61 129
388 69 425 415 257 314 385 275 172 226 491 431 122 89 39 312 421
389 196 405 249 327 115 361 412 10
390 51 257 324 161 196 433 443 372
391 191 283 460 218 41 97 467 309 339 83 20 488 493 348 389
392 39 170 323 314 140 52 77 217 121 489 105 265 395
393 131 44 451 61 148 17 127 6 89 164 203 318 201 53
394 72 152 189 13 460 224 346 157 391 456 213 90
395 236 91 468 128 464 457 149 309 55 306
396 63 65 309 464 177 186 389 160 219 169 525 434 48 39 191 17 110 448 6 344 312 338 460 336 152 459 435
397 150 215 19 261 336 38 197 335 20 13 487 134 139 466 36 138 180 460 198 404 484 419 464 494 61 86 389 491
398 107 46 148 228 115 248 125 104 187 135 63 102 424 369 76 159 174 426 298 87 267 314 444 197 106 58 202 412 301 254 241 99 402 140 322 379 330 474 207 338 190 288 68 38 67 425 31 122 124 433 257 466 497 181 396 188 283 431 264 360 393 305 129 516 47 258 226 189 518 457 394 337 275 120 427 131 12 206 69 351 397 347 452 89 223 138 53 289 240 450 508 21 93 278 80 219 414 77 285 392 24 454 463 166
399 76 203 77 376 190 67 305 122 132
400 319 46 159 28 368 359 248 376 189 51
401 13 385 278 196 410 89 119 28 75 199 301 51
402 428 32 470 146 36 344 401 363
403 161 122 50 106 17 44 214 24 314 272 402 421
404 126 135 99 378 236 90 524 105 383 158
405 86 91 154 230 292 149 378 459 219 520 200 165 468 77 31 495 410 404 282 39 493 420 419 446 55 358 284
406 13 181 187 258 285 39 75 265 38 489 314 334 267 217 430 263 61 52 130 4 43 437 131 298 121 175 170 499 99 23 89 365 486 403 159 156
407 87 76 453 43 365 203 0 189 122 508 202 132
408 36 83 79 447 220 188 528 387 236
409 276 71 39 314 17 63 265 171
410 182 75 412 28 3 308 493 13 119 196 43 410 405 385 51 64
411 312 114 37 104 67 523 122 305 71 288 211 46 316 272 159
412 188 379 502 105 34 331 272 206
413 89 176 242 355 127 376 201 251
414 161 86 201 61 122 87 137 340 403 396 486 452
415 1 284 134 474 30 297 128 2 123 187 456 185 120 315 429 97 56
416 103 151 456 480 315 318 331 417 529 296 481 391 143 64 302 519 284 530 429 32
417 108 196 252 99 385 351 242 178 7 254 437 255 98 148 161 371 39 187 61 340 75 490
418 94 175 220 97 439 309 56 192 135 102 222 382 467 284 477 73 128 381 465
419 57 82 326 221 159 43 214 288 392 122 14 46 514 127 255 278 176 174 89 54 23 440 132 140 151 153
420 256 41 79 512 432 54 421 271
421 323 288 208 305 132 158 273 104
422 105 158 196 289 70 267 86 361 340 145 108 347 45 491 172
423 331 153 334 361 237 376 106 396 255 6 501 59 77
424 274 210 198 100 253 439 52 418 135 240
425 26 114 208 427 104 303 323 228 196 17 129 122 314 385 24 346 240
426 80 243 345 224 15 201 332 261 388 83 154 518 65 25 159 477 350 315 84 352 219 152 68 238
427 60 100 282 329 123 408 342 144 39 15 494 441 388 236 496 36 296 417 177 294 256 322 503 446 457 443 239 371 273 103 487 456 532 33 451 394
428 159 160 41 353 25 448 459 133
429 93 32 159 157 95 346 371 233 283 178 516 256 388 399 74 198
430 39 362 433 268 406 216 72 386
431 34 172 57 101 276 155 462 159 153 0 370 454 408 66 278 458 305 331 242 390 240 316 76 421 122 272 250 347 427
432 410 335 455 145 525 3 61 169 514 421 201
433 221 277 278 292 125 506 122 351
434 104 226 424 333 160 350 189 332 125 202 345 391 123 337
435 120 101 130 328 221 326 288 255 98 148 260 12 518 127 368 159 244 66 43
436 93 226 60 42 388 91 30 346 41 356 531 284 49 116 492 2 239 413 401
437 363 484 428 470 398 310 103 318 380 145 79 459
438 43 67 123 134 288 214 282 0 370 63 416 240 153 518 292 190 351 188
439 255 328 127 189 13 392 525 148 515 153 75 101 80 305 501 169
440 108 131 219 202 31 500 161 240 402 67 361 454 17 323 357 414 63 273 164 330 45 362 43 267 457 258 115 61 210 172 104 23 400 377 0 390
441 39 44 24 187 301 158 217 267 527
