org_id remap_id
1904 0
1545 1
1393 2
2683 3
701 4
1019 5
238 6
1655 7
348 8
1140 9
978 10
2176 11
2035 12
1781 13
3293 14
4 15
4989 16
248 17
992 18
353 19
155 20
1051 21
5891 22
562 23
340 24
364 25
986 26
524 27
1240 28
2384 29
260 30
540 31
247 32
656 33
24 34
666 35
3389 36
9113 37
338 38
67 39
1073 40
1823 41
682 42
339 43
416 44
1827 45
370 46
80 47
38 48
3960 49
2296 50
2789 51
121 52
2581 53
1353 54
625 55
402 56
331 57
268 58
2326 59
611 60
1715 61
108 62
3852 63
75 64
1732 65
186 66
733 67
20 68
1973 69
300 70
648 71
3886 72
5 73
175 74
211 75
129 76
3797 77
1075 78
2148 79
3746 80
1234 81
3640 82
8115 83
2616 84
205 85
771 86
6038 87
1830 88
23 89
355 90
796 91
1819 92
19 93
380 94
1761 95
4070 96
176 97
3172 98
152 99
1257 100
3632 101
3964 102
8152 103
6399 104
1081 105
1249 106
257 107
2614 108
127 109
3767 110
60 111
513 112
200 113
940 114
255 115
1974 116
1915 117
8929 118
246 119
3618 120
606 121
777 122
597 123
280 124
159 125
1607 126
6060 127
356 128
2843 129
316 130
1127 131
1711 132
321 133
1132 134
1028 135
14 136
3633 137
352 138
1052 139
150 140
542 141
95 142
52 143
1534 144
3873 145
6057 146
4085 147
44 148
382 149
5984 150
109 151
3890 152
228 153
86 154
973 155
3741 156
1451 157
1906 158
3840 159
477 160
1626 161
225 162
282 163
8280 164
35 165
1153 166
2000 167
3881 168
1708 169
1575 170
575 171
252 172
425 173
3732 174
462 175
1065 176
480 177
1675 178
901 179
1017 180
4032 181
181 182
2070 183
276 184
40 185
1091 186
1786 187
249 188
914 189
649 190
28 191
102 192
62 193
825 194
2467 195
2073 196
374 197
454 198
735 199
487 200
3802 201
322 202
1391 203
496 204
423 205
720 206
91 207
4021 208
427 209
1248 210
741 211
685 212
867 213
3896 214
1627 215
681 216
6210 217
532 218
179 219
461 220
5277 221
327 222
194 223
835 224
980 225
350 226
9144 227
405 228
2606 229
6005 230
731 231
479 232
259 233
237 234
1686 235
362 236
264 237
886 238
1343 239
1049 240
437 241
800 242
1824 243
447 244
12 245
3965 246
409 247
776 248
388 249
4741 250
849 251
882 252
8 253
1148 254
4242 255
4148 256
3664 257
1848 258
227 259
2704 260
3870 261
862 262
245 263
207 264
1911 265
3795 266
1226 267
153 268
317 269
1651 270
1839 271
333 272
3178 273
1035 274
1649 275
497 276
1452 277
182 278
2293 279
8694 280
375 281
3903 282
208 283
2157 284
459 285
3835 286
1333 287
4083 288
591 289
37 290
851 291
240 292
1674 293
507 294
626 295
1905 296
288 297
1785 298
126 299
2023 300
180 301
289 302
1260 303
83 304
1437 305
1377 306
286 307
290 308
307 309
2684 310
2144 311
230 312
1705 313
3672 314
640 315
61 316
824 317
27 318
505 319
2317 320
3909 321
861 322
1753 323
278 324
3748 325
5263 326
1618 327
1068 328
3834 329
9 330
432 331
3833 332
1648 333
1717 334
1866 335
361 336
334 337
2322 338
8279 339
438 340
2770 341
3908 342
579 343
161 344
1644 345
1654 346
363 347
136 348
42 349
1063 350
1143 351
1359 352
983 353
848 354
2624 355
106 356
115 357
2810 358
6 359
239 360
5046 361
812 362
762 363
704 364
641 365
167 366
998 367
920 368
716 369
170 370
737 371
494 372
3246 373
168 374
337 375
403 376
982 377
68 378
226 379
4415 380
45 381
39 382
831 383
1 384
220 385
354 386
313 387
664 388
154 389
3674 390
1203 391
823 392
2615 393
4191 394
297 395
147 396
1145 397
163 398
598 399
3957 400
3616 401
4682 402
629 403
747 404
301 405
157 406
318 407
3507 408
5665 409
229 410
171 411
320 412
3832 413
34 414
279 415
855 416
21 417
875 418
378 419
404 420
8150 421
2 422
852 423
767 424
565 425
304 426
957 427
2505 428
4308 429
328 430
369 431
2589 432
367 433
842 434
70 435
299 436
1215 437
64 438
2600 439
242 440
263 441
